41
176
103
169
74
46
21
12
28
143
77
5
166
144
112
89
181
83
3
9
30
132
83
153
91
121
135
23
20
197
20
18
98
81
60
13
140
169
151
45
161
93
167
183
186
41
66
73
113
34
20
107
100
195
138
196
80
93
193
175
55
20
80
33
87
157
196
98
169
136
110
87
11
96
49
74
132
147
72
131
132
161
165
55
63
182
142
140
62
178
60
78
104
67
110
31
38
72
15
59
9
161
16
111
192
81
108
95
116
75
197
2
191
178
39
0
44
96
72
30
67
24
116
144
44
44
138
97
11
193
14
145
57
16
97
13
153
41
118
81
181
26
15
132
71
65
49
110
101
96
191
22
170
166
132
23
96
29
69
47
124
128
87
35
41
51
58
21
185
29
40
83
128
166
174
102
12
84
171
163
40
111
53
190
87
200
66
170
37
65
110
19
126
172
119
9
39
185
100
67
38
179
41
165
98
23
37
200
85
153
194
154
15
47
115
140
180
184
78
72
172
180
169
56
11
75
192
186
78
98
125
5
92
95
70
22
171
105
46
31
8
59
100
110
119
161
117
175
61
54
122
21
152
156
27
134
31
62
182
92
121
42
126
9
173
39
71
159
172
71
140
135
154
68
50
59
188
98
99
136
173
15
135
141
180
142
178
133
62
34
154
70
75
39
184
179
149
144
194
104
77
174
157
150
119
103
17
67
4
65
196
171
10
135
59
162
199
67
4
67
37
151
168
85
193
80
81
115
146
25
167
1
194
6
24
43
161
169
158
2
92
34
30
154
108
155
23
41
92
18
181
61
129
43
79
124
81
122
94
151
108
149
118
14
185
152
162
108
168
125
24
164
122
147
121
72
52
83
158
149
94
56
69
155
152
7
146
193
68
96
189
146
51
59
175
131
50
157
81
137
85
110
155
55
107
116
87
38
68
190
179
79
176
12
136
115
169
23
197
111
49
96
18
56
12
167
50
142
137
131
200
61
92
119
102
20
200
25
34
80
13
32
2
44
49
88
140
26
82
117
80
115
44
187
146
172
85
155
55
81
133
158
13
123
14
37
187
198
106
117
166
134
10
14
129
77
184
45
129
84
43
1
18
70
30
2
12
100
1
170
97
179
68
88
123
74
119
196
145
164
58
19
172
76
5
25
67
18
180
20
48
13
42
50
38
55
116
148
170
161
147
25
64
91
124
143
20
195
129
7
92
97
61
113
45
83
8
13
103
137
189
117
129
48
109
108
157
162
172
196
42
4
130
13
54
101
18
111
84
91
192
156
151
15
32
158
70
62
54
3
128
122
102
9
109
143
127
88
186
107
194
78
167
187
21
88
151
98
20
149
195
71
107
178
17
135
52
74
12
32
36
79
28
75
153
137
5
182
18
176
130
25
132
112
169
189
133
71
29
2
129
184
126
178
128
96
2
99
142
159
157
132
77
5
74
124
123
116
144
152
156
10
191
67
71
173
155
7
12
58
173
143
104
113
141
157
143
196
0
177
61
70
57
18
159
7
135
2
134
116
137
168
139
121
162
10
57
106
147
168
62
9
34
70
35
195
200
85
75
29
99
47
115
40
173
73
96
174
76
81
57
97
88
64
25
93
21
46
56
129
42
101
116
151
78
152
166
61
153
150
104
15
182
9
154
71
60
187
147
80
151
132
102
166
194
192
117
181
157
176
200
20
38
170
59
186
161
187
77
116
149
65
51
48
130
182
178
132
154
183
27
151
17
163
28
15
153
18
152
110
143
35
146
138
28
36
21
78
129
175
98
132
24
58
181
86
5
101
116
150
5
185
76
87
110
180
124
93
145
133
114
80
146
66
110
3
4
102
169
70
24
143
97
43
120
81
2
164
85
121
54
47
37
49
92
68
75
26
35
24
62
41
39
148
125
134
43
108
43
72
124
64
79
144
83
157
63
197
61
165
15
19
17
85
181
149
111
126
140
153
153
1
75
166
193
42
34
127
39
102
110
186
139
26
123
27
22
152
173
186
148
69
56
193
175
109
55
176
12
175
131
35
5
189
44
58
96
176
28
144
148
24
76
186
122
9
176
89
12
73
59
159
114
107
52
54
36
133
173
131
123
188
65
162
59
109
143
179
105
3
46
112
140
61
108
144
13
126
58
27
102
134
42
135
33
177
39
24
62
143
143
145
5
7
163
51
139
67
22
109
25
71
25
170
159
185
58
42
7
147
184
159
77
112
115
57
28
59
55
165
46
76
65
66
77
154
23
24
8
122
28
152
108
186
93
70
63
131
66
189
