41 20.5
176 46.5914
103 52.5105
169 61.2899
74 62.0585
46 61.2726
21 59.6133
12 57.9001
28 56.9401
143 59.4211
77 59.893
5 58.5519
166 61.0029
144 62.8229
112 63.852
89 64.3486
181 66.5084
83 66.8081
3 65.7189
9 64.7856
30 64.2343
132 65.2608
83 65.5222
153 66.7499
91 67.0854
121 67.8004
135 68.6683
23 68.0896
20 67.497
197 69.0527
20 68.4558
18 67.8567
98 68.2066
81 68.3505
60 68.2601
13 67.6839
140 68.4269
169 69.4538
151 70.2923
45 70.0328
161 70.9404
93 71.1613
167 72.0938
183 73.1804
186 74.3006
41 73.9654
66 73.8871
73 73.8787
113 74.2367
34 73.8747
20 73.3978
107 73.6926
100 73.9191
195 74.94
138 75.4843
196 76.5206
80 76.5512
93 76.6912
193 77.6561
175 78.4817
55 78.28
20 77.7906
80 77.8091
33 77.4465
87 77.523
157 78.1426
196 79.0678
98 79.2201
169 79.9264
136 80.3726
110 80.6073
87 80.6571
11 80.1293
96 80.25
49 80.0176
74 79.9735
132 80.3451
147 80.8196
72 80.7565
131 81.1071
132 81.4609
161 82.0123
165 82.5938
55 82.3981
63 82.2626
182 82.9469
142 83.3603
140 83.7572
62 83.6048
178 84.2546
60 84.0847
78 84.0427
104 84.177
67 84.0634
110 84.232
31 83.8904
38 83.5959
72 83.5217
15 83.0918
59 82.9395
9 82.4781
161 82.9734
16 82.5456
111 82.7286
192 83.4233
81 83.4075
108 83.5641
95 83.636
116 83.8356
75 83.7816
197 84.4602
2 83.9509
191 84.6221
178 85.223
39 84.9198
0 84.3649
44 84.0972
96 84.1756
72 84.097
30 83.7545
67 83.6483
24 83.2767
116 83.4814
144 83.8567
44 83.6084
44 83.363
138 83.6997
97 83.7818
11 83.3404
193 84.0128
14 83.5714
145 83.962
57 83.7898
16 83.3621
97 83.4488
13 83.0091
153 83.4499
41 83.1802
118 83.4004
81 83.3853
181 83.9834
26 83.6201
15 83.1889
132 83.4981
71 83.4191
65 83.3048
49 83.0951
110 83.2583
101 83.3647
96 83.4394
191 84.0641
22 83.6934
170 84.2122
166 84.7125
132 85.0062
23 84.6218
96 84.6927
29 84.3522
69 84.2581
47 84.0335
124 84.273
128 84.534
87 84.5486
35 84.2602
41 84.0082
51 83.8163
58 83.6672
21 83.3092
185 83.8946
29 83.5704
40 83.3122
83 83.3103
128 83.5685
166 84.044
174 84.5716
102 84.6759
12 84.2476
84 84.2461
171 84.7513
163 85.2154
40 84.9434
111 85.0999
53 84.9093
190 85.5283
87 85.5372
200 86.2138
66 86.0905
170 86.5949
37 86.2919
65 86.1618
110 86.3054
19 85.9049
126 86.1456
172 86.6588
119 86.8555
9 86.3859
39 86.0962
185 86.7001
100 86.7831
67 86.6618
38 86.3676
179 86.9274
41 86.6442
165 87.1263
98 87.1941
23 86.8015
37 86.4949
200 87.1934
85 87.1795
153 87.5869
194 88.2501
154 88.6706
15 88.1965
47 87.9287
115 88.1036
140 88.4349
180 89.0191
184 89.6365
78 89.5594
72 89.4453
172 89.9723
180 90.5552
169 91.0719
56 90.8382
11 90.3112
75 90.2089
192 90.8762
186 91.514
78 91.4217
98 91.4657
125 91.685
5 91.1235
92 91.1293
95 91.1541
70 91.0216
22 90.5953
171 91.0962
105 91.184
46 90.9038
31 90.5333
8 90.0205
59 89.8249
100 89.8885
110 90.0116
119 90.1865
161 90.6096
117 90.7689
175 91.2719
61 91.0881
54 90.865
122 91.0512
21 90.6359
152 91.0034
156 91.395
27 91.0041
134 91.2669
31 90.8998
62 90.7229
182 91.276
92 91.2804
121 91.4597
42 91.1642
126 91.3724
9 90.8834
173 91.3787
39 91.0578
71 90.9349
159 91.3462
172 91.8379
71 91.709
140 92.0035
135 92.2655
154 92.6403
68 92.4899
50 92.2335
59 92.0337
188 92.6063
98 92.6392
99 92.6772
136 92.9306
173 93.398
15 92.9334
135 93.1862
141 93.4727
180 93.9907
142 94.2832
178 94.7929
133 95.0292
62 94.8261
34 94.4552
154 94.8202
70 94.6674
75 94.5478
39 94.2148
184 94.7546
179 95.2709
149 95.6055
144 95.9072
194 96.518
104 96.5656
77 96.4437
174 96.9197
157 97.2932
150 97.6222
119 97.7558
103 97.7881
17 97.3013
67 97.1159
4 96.5518
65 96.3567
196 96.9672
171 97.4315
10 96.8773
135 97.123
59 96.879
162 97.2929
199 97.9433
67 97.7408
4 97.134
67 96.9352
37 96.5443
151 96.9005
168 97.3658
85 97.2842
193 97.9033
80 97.7851
81 97.6763
115 97.7867
146 98.0888
25 97.6315
167 98.07
1 97.4513
194 98.0798
6 97.4682
24 96.9715
43 96.6036
161 97.0421
169 97.5342
158 97.9507
2 97.2885
92 97.2514
34 96.8179
30 96.3584
154 96.7567
108 96.8344
155 97.2278
23 96.7252
41 96.3445
92 96.3148
18 95.7932
181 96.3671
61 96.1255
129 96.3479
43 95.9909
79 95.8773
124 96.062
81 95.9643
122 96.1301
94 96.1167
151 96.4536
108 96.5247
149 96.8416
118 96.9696
14 96.4746
185 97.0113
152 97.3508
162 97.7509
108 97.8147
168 98.2433
125 98.4083
24 97.9547
164 98.362
122 98.5089
147 98.8062
121 98.9421
72 98.7793
52 98.4996
83 98.407
158 98.7573
149 99.0542
94 99.0243
56 98.7751
69 98.603
155 98.9262
152 99.2318
7 98.6993
146 98.9782
193 99.5325
68 99.3426
96 99.3226
189 99.8465
146 100.122
51 99.8292
59 99.5862
175 100.033
131 100.219
50 99.9204
157 100.26
81 100.145
137 100.363
85 100.272
110 100.329
155 100.639
55 100.379
107 100.416
116 100.503
87 100.429
38 100.091
68 99.9156
190 100.405
179 100.841
79 100.718
176 101.137
12 100.634
136 100.838
115 100.919
169 101.303
23 100.857
197 101.413
111 101.47
49 101.165
96 101.135
18 100.66
56 100.401
12 99.888
167 100.285
50 99.9849
142 100.236
137 100.454
131 100.635
200 101.218
61 100.976
92 100.923
119 101.029
102 101.034
20 100.576
200 101.148
25 100.699
34 100.3
80 100.178
13 99.6604
32 99.2512
2 98.6579
44 98.317
49 98.0089
88 97.9464
140 98.2038
26 97.7636
82 97.6665
117 97.7836
80 97.6774
115 97.7793
44 97.4676
187 97.9881
146 98.2728
172 98.7098
85 98.6276
155 98.96
55 98.6998
81 98.5952
133 98.7955
158 99.1379
13 98.6369
123 98.7812
14 98.2848
37 97.9197
187 98.4536
198 99.0615
106 99.1049
117 99.2144
166 99.6168
134 99.8256
10 99.284
14 98.7598
129 98.9487
77 98.813
184 99.3327
45 98.9957
129 99.1821
84 99.0887
43 98.7495
1 98.1565
18 97.6591
70 97.4851
30 97.0653
2 96.4694
12 95.9289
100 95.9554
1 95.353
170 95.8362
97 95.8438
179 96.374
68 96.1904
88 96.1381
123 96.3062
74 96.1682
119 96.3075
196 96.9079
145 97.2045
164 97.6159
58 97.37
19 96.8862
172 97.356
76 97.2209
5 96.646
25 96.1907
67 96.0034
18 95.5086
180 96.0512
20 95.5555
48 95.2422
13 94.7021
42 94.3514
50 94.0565
38 93.6856
55 93.4294
116 93.5778
148 93.9301
170 94.4229
161 94.8589
147 95.2024
25 94.7403
64 94.5365
91 94.5133
124 94.702
143 95.0078
20 94.5337
195 95.1756
129 95.3967
7 94.8245
92 94.8059
97 94.82
61 94.608
113 94.7223
45 94.4181
83 94.3482
8 93.8298
13 93.3359
103 93.3958
137 93.6608
189 94.2386
117 94.3795
129 94.591
48 94.3085
109 94.3975
108 94.4785
157 94.8445
162 95.2404
172 95.697
196 96.3016
42 95.9663
4 95.3976
130 95.6158
13 95.0991
54 94.8382
101 94.8771
18 94.4022
111 94.506
84 94.4414
91 94.4206
192 94.9965
156 95.365
151 95.7028
15 95.2114
32 94.8208
158 95.2135
70 95.0559
62 94.8518
54 94.6017
3 94.0433
128 94.2544
122 94.4255
102 94.4717
9 93.9609
109 94.0524
143 94.345
127 94.5402
88 94.5014
186 95.0333
107 95.1043
194 95.6809
78 95.5753
167 95.9956
187 96.537
21 96.0785
88 96.0289
151 96.3598
98 96.3697
20 95.9193
149 96.2365
195 96.828
71 96.6697
107 96.7322
178 97.2154
17 96.7311
135 96.9655
52 96.6917
74 96.5538
12 96.0466
32 95.656
36 95.2897
79 95.1893
28 94.7817
75 94.6607
153 95.0124
137 95.2666
5 94.7221
182 95.2588
18 94.7754
176 95.2898
130 95.5127
25 95.0638
132 95.301
112 95.4074
169 95.8685
189 96.4582
133 96.6941
71 96.5296
29 96.1026
2 95.5031
129 95.7207
184 96.2888
126 96.4833
178 97.0106
128 97.2138
96 97.2059
2 96.6037
99 96.6192
142 96.9051
159 97.2951
157 97.6719
132 97.8894
77 97.7582
5 97.1839
74 97.0375
124 97.2055
123 97.3643
116 97.4777
144 97.7565
152 98.0813
156 98.4289
10 97.896
191 98.4675
67 98.2704
71 98.1012
173 98.5606
155 98.9109
7 98.339
12 97.7914
58 97.5349
173 98.0183
143 98.3096
104 98.3463
113 98.4387
141 98.7023
157 99.062
143 99.3341
196 99.9308
0 99.3005
177 99.8018
61 99.5485
70 99.357
57 99.0855
18 98.5684
159 98.959
7 98.3625
135 98.6045
2 97.9717
134 98.2125
116 98.3303
137 98.582
168 99.0307
139 99.291
121 99.4315
162 99.8303
10 99.2549
57 98.9794
106 99.0249
147 99.3292
168 99.7638
62 99.5229
9 98.9494
34 98.5304
70 98.3453
35 97.9392
195 98.5646
200 99.232
85 99.1363
75 98.9771
29 98.5221
99 98.5252
47 98.1961
115 98.3034
40 97.9375
173 98.4101
73 98.2483
96 98.2342
174 98.6992
76 98.5582
81 98.4506
57 98.2005
97 98.1933
88 98.1335
64 97.9366
25 97.5187
93 97.4925
21 97.0578
46 96.7635
56 96.5281
129 96.7151
42 96.4023
101 96.4287
116 96.5387
151 96.841
78 96.736
152 97.0401
166 97.4215
61 97.2178
153 97.5284
150 97.8219
104 97.8566
15 97.4004
182 97.8746
9 97.3672
154 97.697
71 97.5409
60 97.3235
187 97.8403
147 98.1293
80 98.0227
151 98.3298
132 98.5256
102 98.5456
166 98.927
194 99.4699
192 100.011
117 100.112
181 100.587
157 100.924
176 101.374
200 101.972
20 101.463
38 101.063
170 101.5
59 101.229
186 101.767
161 102.149
187 102.698
77 102.529
116 102.617
149 102.912
65 102.671
51 102.346
48 102.004
130 102.18
182 102.678
178 103.154
132 103.338
154 103.658
183 104.159
27 103.665
151 103.972
17 103.41
163 103.801
28 103.303
15 102.716
153 103.056
18 102.483
152 102.821
110 102.87
143 103.137
35 102.687
146 102.975
138 103.206
28 102.714
36 102.272
21 101.731
78 101.571
129 101.753
175 102.233
98 102.205
132 102.398
24 101.897
58 101.613
181 102.124
86 102.019
5 101.398
101 101.396
116 101.489
150 101.792
5 101.187
185 101.722
76 101.556
87 101.463
110 101.516
180 101.999
124 102.136
93 102.08
145 102.339
133 102.523
114 102.591
80 102.459
146 102.711
66 102.499
110 102.542
3 101.981
4 101.416
102 101.419
169 101.81
70 101.624
24 101.175
143 101.42
97 101.395
43 101.06
120 101.169
81 101.054
2 100.498
164 100.864
85 100.772
121 100.887
54 100.623
47 100.32
37 99.9613
49 99.6703
92 99.6264
68 99.4489
75 99.3125
26 98.9079
35 98.5504
24 98.1297
62 97.9231
41 97.5992
39 97.2642
148 97.5559
125 97.714
134 97.921
43 97.6092
108 97.6684
43 97.3622
72 97.2195
124 97.3687
64 97.1845
79 97.0847
144 97.3389
83 97.2611
157 97.5805
63 97.3942
197 97.9285
61 97.7251
165 98.0941
15 97.6335
19 97.1896
17 96.73
85 96.6617
181 97.1444
149 97.4464
111 97.5255
126 97.689
140 97.9298
153 98.2425
153 98.5547
1 97.9963
75 97.8615
166 98.2562
193 98.8104
42 98.4707
34 98.0837
127 98.2585
39 97.9038
102 97.9284
110 97.9995
186 98.5085
139 98.7473
26 98.3199
123 98.4666
27 98.0467
22 97.5949
152 97.9223
173 98.3753
186 98.9103
148 99.2154
69 99.0278
56 98.7633
193 99.3406
175 99.8139
109 99.872
55 99.5939
176 100.066
12 99.5151
175 99.9957
131 100.195
35 99.78
5 99.1726
189 99.7598
44 99.389
58 99.1137
96 99.0931
176 99.5892
28 99.1222
144 99.4174
148 99.7356
24 99.2408
76 99.0874
186 99.6527
122 99.8004
9 99.2095
176 99.7181
89 99.6463
12 99.072
73 98.8984
59 98.6364
159 99.0302
114 99.1281
107 99.1787
52 98.8821
54 98.6005
36 98.2089
133 98.4277
173 98.8929
131 99.0954
123 99.2448
188 99.7921
65 99.5736
162 99.9625
59 99.706
109 99.7639
143 100.028
179 100.509
105 100.536
3 99.9477
46 99.6146
112 99.6912
140 99.9359
61 99.7006
108 99.7505
144 100.011
13 99.4993
126 99.6582
58 99.4112
27 98.9833
102 99.0013
134 99.2059
42 98.8736
135 99.0844
33 98.7009
177 99.1593
39 98.802
24 98.3552
62 98.1354
143 98.405
143 98.6723
145 98.9495
5 98.3882
7 97.8305
163 98.236
51 97.9401
139 98.1968
67 98.0027
22 97.5343
109 97.6058
25 97.1615
71 96.9997
25 96.5596
170 97.0132
159 97.4002
185 97.9499
58 97.6949
42 97.3415
7 96.7673
147 97.0924
184 97.654
159 98.0567
77 97.918
112 98.0093
115 98.1175
57 97.8602
28 97.4251
59 97.1836
55 96.9202
165 97.3435
46 97.0217
76 96.89
65 96.693
66 96.5051
77 96.3868
154 96.7312
23 96.2886
24 95.8497
8 95.3105
122 95.4772
28 95.0607
152 95.415
108 95.4935
186 96.048
93 96.0289
70 95.8702
63 95.6719
131 95.8833
66 95.7057
189 96.2552
