20.5
46.5914
52.5105
61.2899
62.0585
61.2726
59.6133
57.9001
56.9401
59.4211
59.893
58.5519
61.0029
62.8229
63.852
64.3486
66.5084
66.8081
65.7189
64.7856
64.2343
65.2608
65.5222
66.7499
67.0854
67.8004
68.6683
68.0896
67.497
69.0527
68.4558
67.8567
68.2066
68.3505
68.2601
67.6839
68.4269
69.4538
70.2923
70.0328
70.9404
71.1613
72.0938
73.1804
74.3006
73.9654
73.8871
73.8787
74.2367
73.8747
73.3978
73.6926
73.9191
74.94
75.4843
76.5206
76.5512
76.6912
77.6561
78.4817
78.28
77.7906
77.8091
77.4465
77.523
78.1426
79.0678
79.2201
79.9264
80.3726
80.6073
80.6571
80.1293
80.25
80.0176
79.9735
80.3451
80.8196
80.7565
81.1071
81.4609
82.0123
82.5938
82.3981
82.2626
82.9469
83.3603
83.7572
83.6048
84.2546
84.0847
84.0427
84.177
84.0634
84.232
83.8904
83.5959
83.5217
83.0918
82.9395
82.4781
82.9734
82.5456
82.7286
83.4233
83.4075
83.5641
83.636
83.8356
83.7816
84.4602
83.9509
84.6221
85.223
84.9198
84.3649
84.0972
84.1756
84.097
83.7545
83.6483
83.2767
83.4814
83.8567
83.6084
83.363
83.6997
83.7818
83.3404
84.0128
83.5714
83.962
83.7898
83.3621
83.4488
83.0091
83.4499
83.1802
83.4004
83.3853
83.9834
83.6201
83.1889
83.4981
83.4191
83.3048
83.0951
83.2583
83.3647
83.4394
84.0641
83.6934
84.2122
84.7125
85.0062
84.6218
84.6927
84.3522
84.2581
84.0335
84.273
84.534
84.5486
84.2602
84.0082
83.8163
83.6672
83.3092
83.8946
83.5704
83.3122
83.3103
83.5685
84.044
84.5716
84.6759
84.2476
84.2461
84.7513
85.2154
84.9434
85.0999
84.9093
85.5283
85.5372
86.2138
86.0905
86.5949
86.2919
86.1618
86.3054
85.9049
86.1456
86.6588
86.8555
86.3859
86.0962
86.7001
86.7831
86.6618
86.3676
86.9274
86.6442
87.1263
87.1941
86.8015
86.4949
87.1934
87.1795
87.5869
88.2501
88.6706
88.1965
87.9287
88.1036
88.4349
89.0191
89.6365
89.5594
89.4453
89.9723
90.5552
91.0719
90.8382
90.3112
90.2089
90.8762
91.514
91.4217
91.4657
91.685
91.1235
91.1293
91.1541
91.0216
90.5953
91.0962
91.184
90.9038
90.5333
90.0205
89.8249
89.8885
90.0116
90.1865
90.6096
90.7689
91.2719
91.0881
90.865
91.0512
90.6359
91.0034
91.395
91.0041
91.2669
90.8998
90.7229
91.276
91.2804
91.4597
91.1642
91.3724
90.8834
91.3787
91.0578
90.9349
91.3462
91.8379
91.709
92.0035
92.2655
92.6403
92.4899
92.2335
92.0337
92.6063
92.6392
92.6772
92.9306
93.398
92.9334
93.1862
93.4727
93.9907
94.2832
94.7929
95.0292
94.8261
94.4552
94.8202
94.6674
94.5478
94.2148
94.7546
95.2709
95.6055
95.9072
96.518
96.5656
96.4437
96.9197
97.2932
97.6222
97.7558
97.7881
97.3013
97.1159
96.5518
96.3567
96.9672
97.4315
96.8773
97.123
96.879
97.2929
97.9433
97.7408
97.134
96.9352
96.5443
96.9005
97.3658
97.2842
97.9033
97.7851
97.6763
97.7867
98.0888
97.6315
98.07
97.4513
98.0798
97.4682
96.9715
96.6036
97.0421
97.5342
97.9507
97.2885
97.2514
96.8179
96.3584
96.7567
96.8344
97.2278
96.7252
96.3445
96.3148
95.7932
96.3671
96.1255
96.3479
95.9909
95.8773
96.062
95.9643
96.1301
96.1167
96.4536
96.5247
96.8416
96.9696
96.4746
97.0113
97.3508
97.7509
97.8147
98.2433
98.4083
97.9547
98.362
98.5089
98.8062
98.9421
98.7793
98.4996
98.407
98.7573
99.0542
99.0243
98.7751
98.603
98.9262
99.2318
98.6993
98.9782
99.5325
99.3426
99.3226
99.8465
100.122
99.8292
99.5862
100.033
100.219
99.9204
100.26
100.145
100.363
100.272
100.329
100.639
100.379
100.416
100.503
100.429
100.091
99.9156
100.405
100.841
100.718
101.137
100.634
100.838
100.919
101.303
100.857
101.413
101.47
101.165
101.135
100.66
100.401
99.888
100.285
99.9849
100.236
100.454
100.635
101.218
100.976
100.923
101.029
101.034
100.576
101.148
100.699
100.3
100.178
99.6604
99.2512
98.6579
98.317
98.0089
97.9464
98.2038
97.7636
97.6665
97.7836
97.6774
97.7793
97.4676
97.9881
98.2728
98.7098
98.6276
98.96
98.6998
98.5952
98.7955
99.1379
98.6369
98.7812
98.2848
97.9197
98.4536
99.0615
99.1049
99.2144
99.6168
99.8256
99.284
98.7598
98.9487
98.813
99.3327
98.9957
99.1821
99.0887
98.7495
98.1565
97.6591
97.4851
97.0653
96.4694
95.9289
95.9554
95.353
95.8362
95.8438
96.374
96.1904
96.1381
96.3062
96.1682
96.3075
96.9079
97.2045
97.6159
97.37
96.8862
97.356
97.2209
96.646
96.1907
96.0034
95.5086
96.0512
95.5555
95.2422
94.7021
94.3514
94.0565
93.6856
93.4294
93.5778
93.9301
94.4229
94.8589
95.2024
94.7403
94.5365
94.5133
94.702
95.0078
94.5337
95.1756
95.3967
94.8245
94.8059
94.82
94.608
94.7223
94.4181
94.3482
93.8298
93.3359
93.3958
93.6608
94.2386
94.3795
94.591
94.3085
94.3975
94.4785
94.8445
95.2404
95.697
96.3016
95.9663
95.3976
95.6158
95.0991
94.8382
94.8771
94.4022
94.506
94.4414
94.4206
94.9965
95.365
95.7028
95.2114
94.8208
95.2135
95.0559
94.8518
94.6017
94.0433
94.2544
94.4255
94.4717
93.9609
94.0524
94.345
94.5402
94.5014
95.0333
95.1043
95.6809
95.5753
95.9956
96.537
96.0785
96.0289
96.3598
96.3697
95.9193
96.2365
96.828
96.6697
96.7322
97.2154
96.7311
96.9655
96.6917
96.5538
96.0466
95.656
95.2897
95.1893
94.7817
94.6607
95.0124
95.2666
94.7221
95.2588
94.7754
95.2898
95.5127
95.0638
95.301
95.4074
95.8685
96.4582
96.6941
96.5296
96.1026
95.5031
95.7207
96.2888
96.4833
97.0106
97.2138
97.2059
96.6037
96.6192
96.9051
97.2951
97.6719
97.8894
97.7582
97.1839
97.0375
97.2055
97.3643
97.4777
97.7565
98.0813
98.4289
97.896
98.4675
98.2704
98.1012
98.5606
98.9109
98.339
97.7914
97.5349
98.0183
98.3096
98.3463
98.4387
98.7023
99.062
99.3341
99.9308
99.3005
99.8018
99.5485
99.357
99.0855
98.5684
98.959
98.3625
98.6045
97.9717
98.2125
98.3303
98.582
99.0307
99.291
99.4315
99.8303
99.2549
98.9794
99.0249
99.3292
99.7638
99.5229
98.9494
98.5304
98.3453
97.9392
98.5646
99.232
99.1363
98.9771
98.5221
98.5252
98.1961
98.3034
97.9375
98.4101
98.2483
98.2342
98.6992
98.5582
98.4506
98.2005
98.1933
98.1335
97.9366
97.5187
97.4925
97.0578
96.7635
96.5281
96.7151
96.4023
96.4287
96.5387
96.841
96.736
97.0401
97.4215
97.2178
97.5284
97.8219
97.8566
97.4004
97.8746
97.3672
97.697
97.5409
97.3235
97.8403
98.1293
98.0227
98.3298
98.5256
98.5456
98.927
99.4699
100.011
100.112
100.587
100.924
101.374
101.972
101.463
101.063
101.5
101.229
101.767
102.149
102.698
102.529
102.617
102.912
102.671
102.346
102.004
102.18
102.678
103.154
103.338
103.658
104.159
103.665
103.972
103.41
103.801
103.303
102.716
103.056
102.483
102.821
102.87
103.137
102.687
102.975
103.206
102.714
102.272
101.731
101.571
101.753
102.233
102.205
102.398
101.897
101.613
102.124
102.019
101.398
101.396
101.489
101.792
101.187
101.722
101.556
101.463
101.516
101.999
102.136
102.08
102.339
102.523
102.591
102.459
102.711
102.499
102.542
101.981
101.416
101.419
101.81
101.624
101.175
101.42
101.395
101.06
101.169
101.054
100.498
100.864
100.772
100.887
100.623
100.32
99.9613
99.6703
99.6264
99.4489
99.3125
98.9079
98.5504
98.1297
97.9231
97.5992
97.2642
97.5559
97.714
97.921
97.6092
97.6684
97.3622
97.2195
97.3687
97.1845
97.0847
97.3389
97.2611
97.5805
97.3942
97.9285
97.7251
98.0941
97.6335
97.1896
96.73
96.6617
97.1444
97.4464
97.5255
97.689
97.9298
98.2425
98.5547
97.9963
97.8615
98.2562
98.8104
98.4707
98.0837
98.2585
97.9038
97.9284
97.9995
98.5085
98.7473
98.3199
98.4666
98.0467
97.5949
97.9223
98.3753
98.9103
99.2154
99.0278
98.7633
99.3406
99.8139
99.872
99.5939
100.066
99.5151
99.9957
100.195
99.78
99.1726
99.7598
99.389
99.1137
99.0931
99.5892
99.1222
99.4174
99.7356
99.2408
99.0874
99.6527
99.8004
99.2095
99.7181
99.6463
99.072
98.8984
98.6364
99.0302
99.1281
99.1787
98.8821
98.6005
98.2089
98.4277
98.8929
99.0954
99.2448
99.7921
99.5736
99.9625
99.706
99.7639
100.028
100.509
100.536
99.9477
99.6146
99.6912
99.9359
99.7006
99.7505
100.011
99.4993
99.6582
99.4112
98.9833
99.0013
99.2059
98.8736
99.0844
98.7009
99.1593
98.802
98.3552
98.1354
98.405
98.6723
98.9495
98.3882
97.8305
98.236
97.9401
98.1968
98.0027
97.5343
97.6058
97.1615
96.9997
96.5596
97.0132
97.4002
97.9499
97.6949
97.3415
96.7673
97.0924
97.654
98.0567
97.918
98.0093
98.1175
97.8602
97.4251
97.1836
96.9202
97.3435
97.0217
96.89
96.693
96.5051
96.3868
96.7312
96.2886
95.8497
95.3105
95.4772
95.0607
95.415
95.4935
96.048
96.0289
95.8702
95.6719
95.8833
95.7057
96.2552
